# Omega is is MeV, Cross sections, statistical errors are in mb/(sr*MeV)
#       q=500MeV/c            q=525MeV/c            q=550MeV/c            
#Omega  C.S.      Stat. Err.  C.S.      Stat. Err.  C.S.      Stat. Err. 
-37.5   0.000000   0.000000   0.000000   0.000000   0.000000   0.000000
-32.5   0.000000   0.000000   0.000056   0.000056   0.000000   0.000000
-27.5   0.000000   0.000000   0.000000   0.000000   0.000000   0.000000
-22.5   0.000000   0.000000   0.000000   0.000000   0.000000   0.000000
-17.5   0.000107   0.000075   0.000112   0.000079   0.000000   0.000000
-12.5   0.000053   0.000053   0.000055   0.000055   0.000055   0.000055
 -7.5   0.000058   0.000058   0.000053   0.000053   0.000000   0.000000
 -2.5   0.000330   0.000135   0.000109   0.000077   0.000060   0.000060
  2.5   0.000107   0.000076   0.000331   0.000135   0.000000   0.000000
  7.5   0.004200   0.000476   0.001166   0.000255   0.000337   0.000138
 12.5   0.019354   0.001022   0.007559   0.000651   0.001806   0.000319
 17.5   0.027515   0.001217   0.022849   0.001126   0.018976   0.001036
 22.5   0.013352   0.000848   0.009959   0.000745   0.008600   0.000698
 27.5   0.010879   0.000764   0.011761   0.000807   0.010404   0.000765
 32.5   0.014915   0.000889   0.010801   0.000770   0.009516   0.000730
 37.5   0.018111   0.000976   0.014175   0.000877   0.011536   0.000802
 42.5   0.020625   0.001038   0.014497   0.000879   0.012890   0.000692
 47.5   0.022863   0.001089   0.016998   0.000951   0.013440   0.000673
 52.5   0.025227   0.001140   0.017047   0.000949   0.014746   0.000683
 57.5   0.030280   0.001244   0.022689   0.000846   0.017271   0.000742
 62.5   0.035288   0.001026   0.025266   0.000882   0.017948   0.000754
 67.5   0.042215   0.001121   0.027809   0.000918   0.020498   0.000804
 72.5   0.047735   0.001188   0.031418   0.000977   0.020291   0.000798
 77.5   0.053472   0.001253   0.035607   0.001037   0.023399   0.000856
 82.5   0.058670   0.001308   0.037242   0.001058   0.027205   0.000920
 87.5   0.066487   0.001389   0.045161   0.001161   0.030543   0.000974
 92.5   0.069417   0.001416   0.048945   0.001206   0.034787   0.001036
 97.5   0.077240   0.001488   0.053288   0.001257   0.037167   0.001068
102.5   0.080541   0.001512   0.056421   0.001289   0.040929   0.001117
107.5   0.084967   0.001389   0.061948   0.001155   0.046695   0.001042
112.5   0.089640   0.001390   0.064852   0.001146   0.048328   0.000999
117.5   0.090761   0.001361   0.072149   0.001195   0.051864   0.001030
122.5   0.092956   0.001334   0.069313   0.001167   0.052681   0.001034
127.5   0.097920   0.001363   0.073386   0.001197   0.055066   0.001072
132.5   0.096673   0.001482   0.078669   0.001234   0.057948   0.001079
137.5   0.095742   0.001341   0.077455   0.001221   0.060576   0.001101
142.5   0.094793   0.001337   0.079045   0.001234   0.061402   0.001108
147.5   0.100054   0.001748   0.081187   0.001603   0.063520   0.001132
152.5   0.093472   0.001682   0.086540   0.001649   0.063884   0.001141
157.5   0.097235   0.001707   0.081278   0.001592   0.065293   0.001174
162.5   0.092487   0.001656   0.081187   0.001585   0.069252   0.001293
167.5   0.088601   0.001615   0.080310   0.001568   0.069960   0.001494
172.5   0.089384   0.001618   0.079566   0.001552   0.070102   0.001488
177.5   0.081610   0.001540   0.079490   0.001541   0.069971   0.001481
182.5   0.078081   0.001495   0.073919   0.001478   0.066671   0.001442
187.5   0.072200   0.001428   0.068349   0.001414   0.067361   0.001443
192.5   0.066167   0.001358   0.066927   0.001393   0.065611   0.001418
197.5   0.061479   0.001301   0.063663   0.001353   0.063502   0.001388
202.5   0.055100   0.001226   0.059590   0.001305   0.059570   0.001336
207.5   0.050613   0.001174   0.054928   0.001185   0.056735   0.001201
212.5   0.048910   0.001169   0.054064   0.001109   0.053914   0.001138
217.5   0.044267   0.001148   0.049545   0.001074   0.049911   0.001077
222.5   0.043240   0.001406   0.046563   0.001194   0.048650   0.001079
227.5   0.040798   0.001278   0.043075   0.001185   0.046312   0.001145
232.5   0.038442   0.001093   0.041352   0.001073   0.042890   0.001031
237.5   0.035605   0.001106   0.037698   0.001100   0.040309   0.001164
242.5   0.033428   0.001002   0.036846   0.001079   0.040079   0.001153
247.5   0.032821   0.000984   0.034760   0.001045   0.037241   0.001104
252.5   0.030870   0.000949   0.033435   0.001013   0.033997   0.001048
257.5   0.031021   0.000947   0.031780   0.000984   0.032415   0.001018
262.5   0.029574   0.000929   0.029963   0.000953   0.031383   0.001000
267.5   0.027157   0.000921   0.029298   0.000943   0.031490   0.001003
272.5   0.028745   0.000981   0.028862   0.000962   0.029021   0.000966
277.5   0.031221   0.001354   0.025662   0.000948   0.027032   0.000955
282.5   0.027977   0.001302   0.026202   0.001092   0.028189   0.001069
287.5   0.032284   0.001545   0.027994   0.001462   0.027085   0.001472
292.5   0.030592   0.001490   0.027336   0.001430   0.026201   0.001435
297.5   0.032958   0.001534   0.027386   0.001421   0.025049   0.001393
302.5   0.035172   0.001569   0.030034   0.001477   0.027100   0.001441
307.5   0.036350   0.001585   0.028401   0.001426   0.027675   0.001443
312.5   0.034057   0.001518   0.031196   0.001483   0.026601   0.001405
317.5   0.034158   0.001505   0.032482   0.001501   0.027353   0.001411
322.5   0.037818   0.001572   0.033198   0.001501   0.031292   0.001498
327.5   0.038715   0.001574   0.033560   0.001492   0.029037   0.001428
332.5   0.038556   0.001565   0.036700   0.001547   0.029113   0.001416
337.5   -          -          -          -          0.033377   0.001505
342.5   -          -          -          -          0.030542   0.001428
347.5   -          -          -          -          0.032480   0.001483
352.5   -          -          -          -          0.034434   0.001577
357.5   -          -          -          -          0.036776   0.002063