--- Data of Fig.4, pi- p elastic scattering cross sections at 950 MeV/c, PRC 64, 034608 ---

First row: Lab. Angle (deg.)

Second row: Cross section (mb/sr)

Third row: Statistical error (mb/sr)

 

pi-p-1100

15.5 0.001 0

16.5 0.001 0

17.5 0.001 0

18.5 0.001 0

19.5 0.001 0

20.5 0.001 0

21.5 0.001 0

22.5 0.001 0

23.5 0.001 0

24.5 0.001 0

25.5 5.70381 0.393687

26.5 5.06714 0.348895

27.5 3.9489 0.272794

28.5 3.18528 0.22108

29.5 2.66482 0.185721

30.5 2.07509 0.145992

31.5 1.64162 0.117008

32.5 1.26555 0.0916078

33.5 0.964397 0.0713954

34.5 0.667063 0.0519335

35.5 0.494101 0.0410295

36.5 0.320474 0.0307606

37.5 0.255482 0.0265015

38.5 0.171526 0.0224471

39.5 0.132374 0.020279

40.5 0.120403 0.0196416

41.5 0.152386 0.0202183

42.5 0.157968 0.0209693

43.5 0.167068 0.0215515

44.5 0.231993 0.0244336

45.5 0.235357 0.0261451

46.5 0.001 0

47.5 0.001 0

48.5 0.001 0

 

pi-p-1050

15.5 0.001 0

16.5 0.001 0

17.5 0.001 0

18.5 0.001 0

19.5 0.001 0

20.5 0.001 0

21.5 0.001 0

22.5 10.8524 0.744132

23.5 9.73081 0.66682

24.5 7.93501 0.544431

25.5 6.6998 0.460582

26.5 5.51823 0.380358

27.5 4.52026 0.312613

28.5 3.65278 0.253952

29.5 3.00588 0.209999

30.5 2.38367 0.168001

31.5 1.7711 0.127033

32.5 1.31201 0.0961143

33.5 0.866185 0.0670108

34.5 0.708011 0.0564637

35.5 0.485007 0.0421566

36.5 0.307897 0.0312645

37.5 0.235758 0.0269913

38.5 0.131264 0.021613

39.5 0.110533 0.021285

40.5 0.0953289 0.020165

41.5 0.138552 0.0222614

42.5 0.0937531 0.0208086

43.5 0.137197 0.0225044

44.5 0.001 0

45.5 0.001 0

46.5 0.001 0

47.5 0.001 0

48.5 0.001 0

 

pi-p-1000

15.5 0.001 0

16.5 0.001 0

17.5 0.001 0

18.5 0.001 0

19.5 18.4888 1.26068

20.5 15.8339 1.07937

21.5 13.5986 0.927254

22.5 11.6014 0.791434

23.5 9.91827 0.677006

24.5 8.31072 0.567802

25.5 7.08488 0.484538

26.5 5.87379 0.402204

27.5 4.89295 0.335615

28.5 3.98393 0.273925

29.5 3.22919 0.222718

30.5 2.67463 0.185145

31.5 2.06561 0.143898

32.5 1.66709 0.116996

33.5 1.29001 0.0915883

34.5 0.943244 0.0684628

35.5 0.690063 0.0515522

36.5 0.561504 0.0430247

37.5 0.468209 0.0370306

38.5 0.413364 0.0335011

39.5 0.326748 0.0282913

40.5 0.308921 0.0275319

41.5 0.285298 0.0267744

42.5 0.001 0

43.5 0.001 0

44.5 0.001 0

45.5 0.001 0

46.5 0.001 0

47.5 0.001 0

48.5 0.001 0

 

pi-p-950

15.5 0.001 0

16.5 0.001 0

17.5 17.958 1.25606

18.5 16.4681 1.13429

19.5 13.8949 0.954308

20.5 11.7872 0.809515

21.5 10.4168 0.71624

22.5 9.15604 0.630575

23.5 7.95441 0.549151

24.5 6.72931 0.465956

25.5 5.76991 0.400776

26.5 5.01984 0.349954

27.5 4.22402 0.29608

28.5 3.77839 0.266076

29.5 3.20019 0.226893

30.5 2.63641 0.188882

31.5 2.23409 0.161865

32.5 1.87333 0.137396

33.5 1.6671 0.123501

34.5 1.43172 0.10761

35.5 1.19219 0.0924022

36.5 1.13504 0.0899032

37.5 0.001 0

38.5 0.001 0

39.5 0.001 0

40.5 0.001 0

41.5 0.001 0

42.5 0.001 0

43.5 0.001 0

44.5 0.001 0

45.5 0.001 0

46.5 0.001 0

47.5 0.001 0

48.5 0.001 0

 

pi-p-900

15.5 0.001 0

16.5 0.001 0

17.5 10.2015 0.714894

18.5 9.65976 0.666052

19.5 8.77256 0.60282

20.5 7.93737 0.545107

21.5 7.20058 0.494969

22.5 6.34392 0.436787

23.5 5.62936 0.388148

24.5 5.0157 0.346485

25.5 4.52624 0.313431

26.5 3.97457 0.275958

27.5 3.41008 0.2379

28.5 3.29815 0.230903

29.5 2.79838 0.197482

30.5 0.001 0

31.5 0.001 0

32.5 0.001 0

33.5 0.001 0

34.5 0.001 0

35.5 0.001 0

36.5 0.001 0

37.5 0.001 0

38.5 0.001 0

39.5 0.001 0

40.5 0.001 0

41.5 0.001 0

42.5 0.001 0

43.5 0.001 0

44.5 0.001 0

45.5 0.001 0

46.5 0.001 0

47.5 0.001 0

48.5 0.001 0


