# Omega is is MeV, Cross sections, statistical errors are in mb/(sr*MeV)
#       q=500MeV/c            q=525MeV/c            q=550MeV/c            
#Omega  C.S.      Stat. Err.  C.S.      Stat. Err.  C.S.      Stat. Err. 
-37.5   0.000000   0.000000   0.000000   0.000000   0.000000   0.000000
-32.5   0.000000   0.000000   0.000000   0.000000   0.000000   0.000000
-27.5   0.000000   0.000000   0.000000   0.000000   0.000000   0.000000
-22.5   0.000000   0.000000   0.000000   0.000000   0.000000   0.000000
-17.5   0.000000   0.000000   0.000000   0.000000   0.000000   0.000000
-12.5   0.000000   0.000000   0.000000   0.000000   0.000000   0.000000
 -7.5   0.001909   0.001102   0.000000   0.000000   0.000000   0.000000
 -2.5   0.021025   0.003608   0.009120   0.002438   0.003332   0.001491
  2.5   0.030266   0.004325   0.015471   0.003161   0.012992   0.002906
  7.5   0.031968   0.004435   0.015387   0.003142   0.012287   0.002819
 12.5   0.039269   0.004910   0.021874   0.003754   0.016162   0.003233
 17.5   0.057950   0.005979   0.031880   0.004511   0.017598   0.003388
 22.5   0.040528   0.004990   0.037929   0.004898   0.022551   0.003813
 27.5   0.076157   0.006813   0.045114   0.005358   0.036678   0.004859
 32.5   0.094194   0.007568   0.058820   0.006071   0.033365   0.004629
 37.5   0.074795   0.006719   0.048309   0.005473   0.034969   0.004718
 42.5   0.096714   0.007601   0.073259   0.006720   0.046381   0.004271
 47.5   0.113411   0.008210   0.082147   0.007047   0.054944   0.004620
 52.5   0.106571   0.007924   0.086452   0.007207   0.061343   0.004939
 57.5   0.142675   0.009137   0.093724   0.005921   0.070049   0.005219
 62.5   0.146624   0.007330   0.101920   0.006162   0.075570   0.005427
 67.5   0.155148   0.007537   0.128536   0.006913   0.080079   0.005583
 72.5   0.192217   0.008361   0.131778   0.007007   0.080958   0.005583
 77.5   0.198582   0.008472   0.137939   0.007147   0.105305   0.006353
 82.5   0.229432   0.009073   0.155301   0.007582   0.117541   0.006700
 87.5   0.241927   0.009293   0.177624   0.008095   0.125881   0.006925
 92.5   0.254783   0.009512   0.173517   0.007968   0.138480   0.007243
 97.5   0.278397   0.009911   0.198854   0.008513   0.145933   0.007422
102.5   0.282833   0.009948   0.204118   0.008594   0.150947   0.007537
107.5   0.296512   0.009070   0.236247   0.007788   0.185870   0.007015
112.5   0.307730   0.009308   0.238532   0.007774   0.183076   0.006775
117.5   0.317911   0.008721   0.254442   0.007862   0.181860   0.006736
122.5   0.299455   0.008372   0.251857   0.007855   0.199598   0.007039
127.5   0.320314   0.008641   0.261238   0.007906   0.199449   0.006995
132.5   0.335819   0.008791   0.267601   0.007945   0.213745   0.007220
137.5   0.335850   0.008772   0.267786   0.007923   0.242708   0.007690
142.5   0.306868   0.008385   0.284705   0.008166   0.223391   0.007370
147.5   0.307958   0.010970   0.279053   0.010627   0.245008   0.007725
152.5   0.293440   0.010659   0.279586   0.010610   0.237653   0.007672
157.5   0.298240   0.010696   0.295925   0.010875   0.241425   0.007808
162.5   0.294501   0.010578   0.278074   0.010499   0.237204   0.007871
167.5   0.269429   0.010081   0.279370   0.010474   0.227212   0.009614
172.5   0.251068   0.009704   0.254219   0.009931   0.228673   0.009619
177.5   0.254573   0.009731   0.241881   0.009649   0.227580   0.009544
182.5   0.213657   0.008869   0.236440   0.009461   0.217680   0.009295
187.5   0.205871   0.008643   0.210010   0.008876   0.213712   0.009176
192.5   0.207389   0.008616   0.220316   0.009044   0.213552   0.009144
197.5   0.169534   0.007734   0.202537   0.008639   0.196925   0.008737
202.5   0.183739   0.008010   0.181443   0.008125   0.187234   0.008473
207.5   0.172183   0.007736   0.180229   0.007891   0.181705   0.008059
212.5   0.169137   0.007662   0.164867   0.007370   0.163796   0.007648
217.5   0.150321   0.007286   0.145926   0.006971   0.174778   0.007886
222.5   0.134198   0.007075   0.164182   0.007309   0.153854   0.007215
227.5   0.131198   0.007189   0.145152   0.007314   0.146185   0.007042
232.5   0.132692   0.007996   0.139124   0.007413   0.143621   0.007264
237.5   0.113585   0.007341   0.135461   0.008247   0.139048   0.008530
242.5   0.121397   0.007517   0.123929   0.007810   0.118290   0.007821
247.5   0.107517   0.007018   0.116098   0.007489   0.120875   0.007830
252.5   0.102655   0.006801   0.111475   0.007284   0.119052   0.007724
257.5   0.107651   0.006924   0.105339   0.007060   0.110607   0.007413
262.5   0.098092   0.006594   0.104538   0.007028   0.124283   0.007843
267.5   0.110603   0.007043   0.102679   0.006925   0.107646   0.007271
272.5   0.099859   0.007000   0.096580   0.006865   0.107499   0.007330
277.5   0.102508   0.007874   0.098047   0.007295   0.105310   0.007386
282.5   0.091060   0.007702   0.102463   0.007767   0.092245   0.007117
287.5   0.132490   0.017552   0.086657   0.014448   0.100153   0.015838
292.5   0.103138   0.015378   0.089534   0.014530   0.088981   0.014834
297.5   0.136729   0.017513   0.129605   0.017326   0.100639   0.015721
302.5   0.099229   0.014797   0.075768   0.013196   0.099775   0.015587
307.5   0.107920   0.015267   0.128026   0.016962   0.082682   0.013978
312.5   0.119354   0.015952   0.126749   0.016793   0.102094   0.015393
317.5   0.129695   0.016475   0.106600   0.015233   0.088020   0.014283
322.5   0.096687   0.014106   0.100160   0.014615   0.115362   0.016159
327.5   0.129022   0.016137   0.114951   0.015505   0.086514   0.013858
332.5   0.121940   0.015619   0.113003   0.015243   0.086801   0.013727
337.5   -          -          -          -          0.110638   0.015346
342.5   -          -          -          -          0.085690   0.013384
347.5   -          -          -          -          0.111636   0.015195
352.5   -          -          -          -          0.107643   0.014955
357.5   -          -          -          -          0.100315   0.015150